Webots Project File version R2022a
perspectives: 000000ff00000000fd00000002000000010000019c000002b2fc0200000001fb0000001400540065007800740045006400690074006f00720100000017000002b20000008900ffffff0000000300000556000000d9fc0100000001fb0000001a0043006f006e0073006f006c00650041006c006c0041006c006c0100000000000005560000000000000000000003b8000002b200000001000000020000000100000008fc00000000
simulationViewPerspectives: 000000ff000000010000000200000000000003990100000002010000000100
sceneTreePerspectives: 000000ff0000000100000002000000c0000000fa0100000002010000000200
minimizedPerspectives: 000000ff00000000fd0000000200000001000000f9000001d7fc0200000001fb0000001400540065007800740045006400690074006f00720100000017000001d70000003f00ffffff0000000300000556000000d9fc0100000001fb0000001a0043006f006e0073006f006c00650041006c006c0041006c006c0100000000000005560000006900ffffff0000045b000001d700000001000000020000000100000008fc00000000
maximizedDockId: -1
centralWidgetVisible: 1
orthographicViewHeight: 1
textFiles: 0 "controllers/quadcopter/quadcopter.c"
renderingDevicePerspectives: Mavic 2 PRO:camera;1;0.5575;0.0412902;0.00904585
